0|0,0,0.38961,0.103896,0,0,0,0.506494,0,0
1|0,0,0,0,0,0,0,0.847458,0.152542,0
2|0,0,0,0,0,0,0,1,0,0
3|0,0,0,0,0,0,0,1,0,0
4|0.0147059,0,0,0,0.0588235,0,0,0.926471,0,0
5|0,0,0,0,0,0,0.16129,0.83871,0,0
6|0,0,0,0,0.765957,0,0.234043,0,0,0
7|0,0.230769,0,0,0,0,0,0.75,0.0192308,0
8|0,0,0,0.261538,0,0,0.169231,0,0.569231,0
9|0,0,0,0,0,0.0185185,0,0.685185,0.296296,0
10|0,0.495868,0,0,0.504132,0,0,0,0,0
11|0,0,0,0,0,0,0.193548,0.806452,0,0
12|0,0.0128205,0.166667,0,0.025641,0,0.435897,0.358974,0,0
13|0.0227273,0,0.189394,0.606061,0,0,0,0.181818,0,0
14|0,0,0,0,0,0,0.538462,0.115385,0.346154,0
15|0,0.553191,0,0,0.425532,0,0.0212766,0,0,0
16|0,1,0,0,0,0,0,0,0,0
17|0,0,0,0,1,0,0,0,0,0
18|0,0,0.128205,0,0.794872,0,0.0769231,0,0,0
19|0,0.655172,0,0,0.344828,0,0,0,0,0
20|0,0.346154,0,0,0,0,0.653846,0,0,0
21|0,0.619048,0,0,0.380952,0,0,0,0,0
22|0,1,0,0,0,0,0,0,0,0
23|0,0.724138,0,0,0.275862,0,0,0,0,0
24|0,0,0,0,0.828571,0,0.171429,0,0,0
25|0,0,0.986842,0,0.0131579,0,0,0,0,0
26|0,0,0.72807,0,0,0,0,0,0.27193,0
27|0,0.393258,0.606742,0,0,0,0,0,0,0
28|0,0.1,0.9,0,0,0,0,0,0,0
29|0,0.7,0.3,0,0,0,0,0,0,0
30|0,0,0.808824,0,0.191176,0,0,0,0,0
31|0,0.262295,0,0,0,0,0.737705,0,0,0
32|0,0,0.282609,0,0,0,0.717391,0,0,0
33|0,0.205479,0.0410959,0,0,0,0.753425,0,0,0
34|0,0.375,0.568182,0,0.0568182,0,0,0,0,0
35|0,0,0.457143,0,0.171429,0,0.371429,0,0,0
36|0,0,0,0.0526316,0,0,0.947368,0,0,0
37|0,0,0,0,0,0,0.372549,0.627451,0,0
38|0,0,0,0,0,0,0.371795,0.628205,0,0
39|0,0,0,0,0,0,0.0422535,0.760563,0.197183,0
40|0,0,0,0,0.0857143,0,0.647619,0,0.266667,0
41|0,0.169014,0,0,0,0,0.366197,0.464789,0,0
42|0.0338983,0.254237,0,0,0,0,0.457627,0.254237,0,0
43|0,0.285714,0.0816327,0,0,0,0.602041,0,0.0306122,0
44|0,0.294118,0.558824,0,0.147059,0,0,0,0,0
45|0,0.0869565,0,0,0,0,0.913043,0,0,0
46|0,0,0,0,0,0,0,1,0,0
47|0,0,0,0,0,0,0.528455,0.373984,0.097561,0
48|0,0,0,0,0,0,0.694915,0.0508475,0.254237,0
49|0,0,0,0,0.28169,0.0140845,0,0.704225,0,0
50|0,0,0,0,0,0,1,0,0,0
51|0,0,0,0,0.648352,0,0,0.252747,0.0989011,0
52|0.0267857,0,0.285714,0,0.0714286,0,0.383929,0.1875,0,0.0446429
53|0,0.166667,0,0,0.571429,0,0.238095,0,0,0.0238095
54|0,0,0.012987,0,0.272727,0,0.493506,0.220779,0,0
55|0,0.0340909,0.0227273,0,0.784091,0,0.125,0,0.0340909,0
56|0,0,0,0,0.15,0.55,0,0,0.283333,0.0166667
57|0.0961538,0.269231,0,0,0.384615,0,0,0.25,0,0
58|0,0,0,0,0.0266667,0,0.346667,0,0.626667,0
59|0,0.637931,0,0,0.362069,0,0,0,0,0
60|0,0,0.03,0,0,0,0.8,0.17,0,0
61|0,0,0,0,0.831325,0,0.144578,0.0240964,0,0
62|0,0,0.0543478,0,0.23913,0,0.347826,0,0.358696,0
63|0,0.904762,0.0952381,0,0,0,0,0,0,0
64|0,1,0,0,0,0,0,0,0,0
65|0,0.860465,0.0465116,0,0,0,0,0.0930233,0,0
66|0.0188679,0.981132,0,0,0,0,0,0,0,0
67|0,0.462963,0,0,0.537037,0,0,0,0,0
68|0,1,0,0,0,0,0,0,0,0
69|0,0.838983,0,0.0423729,0,0,0.0338983,0,0.0847458,0
70|0,0.780822,0,0,0.0547945,0,0.164384,0,0,0
71|0,1,0,0,0,0,0,0,0,0
72|0,0.738095,0,0,0.261905,0,0,0,0,0
73|0,0.587302,0,0,0.412698,0,0,0,0,0
74|0,0.633028,0,0,0.366972,0,0,0,0,0
75|0,1,0,0,0,0,0,0,0,0
76|0,0.758621,0.0344828,0,0,0,0,0,0.206897,0
77|0,0.625,0.35,0,0.025,0,0,0,0,0
78|0,0.8,0.130435,0,0,0,0,0.0695652,0,0
79|0,0,0,0,0.238095,0,0,0,0.761905,0
80|0,0.571429,0.428571,0,0,0,0,0,0,0
81|0,0.208333,0.6875,0,0,0,0,0,0.104167,0
82|0,0,0.104167,0,0,0,0,0.25,0.645833,0
83|0,0,0,0,0.447761,0,0.552239,0,0,0
84|0,0.76,0,0,0,0,0.24,0,0,0
85|0,0,0.837838,0,0,0,0.162162,0,0,0
86|0,0.0857143,0.0428571,0,0.871429,0,0,0,0,0
87|0,0.372549,0.568627,0,0,0,0,0,0.0588235,0
88|0,0,0.117647,0,0.176471,0,0.0294118,0.676471,0,0
89|0,0.771739,0.228261,0,0,0,0,0,0,0
90|0,0,0.544118,0,0.441176,0.0147059,0,0,0,0
91|0,0.976744,0,0,0,0,0.0232558,0,0,0
92|0,0,0,0,0.481132,0,0,0,0.518868,0
93|0,0,0.238806,0,0.731343,0,0.0298507,0,0,0
94|0,0.916667,0,0,0.0833333,0,0,0,0,0
95|0,1,0,0,0,0,0,0,0,0
96|0,0.0923077,0,0,0.876923,0,0,0,0.0307692,0
97|0,0,0.583333,0,0.416667,0,0,0,0,0
98|0,0,0,0,0,0,0,0,1,0
99|0,0.547619,0.166667,0,0,0.238095,0,0,0,0.047619
100|0,0,0,0,0,0,0.1,0,0.9,0
101|0,0,0,0,1,0,0,0,0,0
102|0,0.0759494,0,0,0,0,0,0.468354,0.455696,0
103|0,0,0,1,0,0,0,0,0,0
104|0.294118,0,0.106618,0.452206,0,0,0.0183824,0.128676,0,0
105|0,0.422414,0,0,0.146552,0,0,0,0.431034,0
106|0,0,0,0,0.618182,0,0,0,0.381818,0
107|0,0,0,0,0.262626,0,0,0,0.737374,0
108|0,0.295858,0,0.00591716,0.43787,0,0,0,0.260355,0
109|0,0.0775862,0,0,0.353448,0,0,0.0862069,0.482759,0
110|0,0.5125,0,0,0,0,0,0,0.4875,0
111|0,0.566667,0,0,0.0666667,0.00833333,0,0,0.358333,0
112|0,0.213953,0.00930233,0,0.381395,0,0,0,0.395349,0
113|0,0.68254,0,0,0.0952381,0,0,0,0.222222,0
114|0,0,0,0,0.689655,0,0,0,0.310345,0
115|0,0,0,0,0.485437,0,0,0,0.514563,0
116|0,0.0166667,0,0,0.6,0,0,0,0.383333,0
117|0,0.243655,0,0,0.0913706,0,0,0,0.664975,0
118|0,0.518868,0,0,0,0,0,0,0.481132,0
119|0,0,0.0192308,0,0.307692,0,0,0,0.673077,0
120|0,0.697917,0,0,0.302083,0,0,0,0,0
121|0,0.333333,0,0,0,0,0,0,0.666667,0
122|0,0.361446,0,0,0.542169,0,0,0.0963855,0,0
123|0,0,0,0,0.859375,0,0,0,0.140625,0
124|0,0.864865,0,0,0.135135,0,0,0,0,0
125|0,0.404762,0,0,0.452381,0,0,0,0.142857,0
126|0,0,0,0,0.638298,0,0.106383,0.0425532,0.212766,0
127|0,0.0615385,0,0,0.523077,0,0,0.138462,0.276923,0
128|0,0.394958,0,0,0.605042,0,0,0,0,0
129|0,0.532609,0,0.0108696,0.456522,0,0,0,0,0
130|0,0.196078,0,0,0.444444,0,0,0,0.359477,0
131|0,0,0,0,0.704918,0.131148,0,0.163934,0,0
132|0,0.65812,0,0,0,0,0,0,0.34188,0
133|0,0.558824,0,0,0.421569,0,0,0.0196078,0,0
134|0,0.539823,0,0,0.318584,0,0,0,0.141593,0
135|0,0,0,0,0.774194,0,0.225806,0,0,0
136|0,0,0,0,0.436364,0,0.0909091,0,0.472727,0
137|0,0,0,0,0.25,0.00694444,0.555556,0,0.1875,0
138|0,0.0111111,0,0,0.611111,0,0,0,0.377778,0
139|0,0,0,0,1,0,0,0,0,0
140|0,0.0724638,0,0,0.507246,0,0.362319,0.057971,0,0
141|0,0.5375,0,0.0375,0.35,0,0.075,0,0,0
142|0,0,0,0,0.958333,0,0,0.0416667,0,0
143|0,0,0.166667,0,0,0,0,0,0.833333,0
144|0,0,0.0493827,0,0.888889,0,0.0617284,0,0,0
145|0,0.0289855,0,0,0.710145,0,0,0,0.26087,0
146|0,0.550725,0,0,0.449275,0,0,0,0,0
147|0,0,0,0,1,0,0,0,0,0
148|0,0.266667,0.2,0,0,0,0.533333,0,0,0
149|0,0,0,0,1,0,0,0,0,0
150|0,0.69697,0,0,0.292929,0,0,0.010101,0,0
151|0,1,0,0,0,0,0,0,0,0
152|0,0,0,0,0.96875,0.03125,0,0,0,0
153|0,0,0,0,0.536232,0,0.463768,0,0,0
154|0,0,0,0,0.75,0,0.25,0,0,0
155|0,0,0,0,0.444444,0,0.555556,0,0,0
156|0,0.0491803,0,0,0.229508,0,0.57377,0,0.147541,0
157|0.0612245,0.918367,0,0,0,0,0.0204082,0,0,0
158|0,0,0,0,0.481481,0,0.518519,0,0,0
159|0,0,0.0294118,0,0.676471,0,0.294118,0,0,0
160|0,0.966102,0,0,0,0,0,0,0.0338983,0
161|0,0,0.0909091,0,0.714286,0,0,0,0.194805,0
162|0,0,0,0,0.5,0,0,0.0294118,0.470588,0
163|0,0,0.0867052,0,0.225434,0,0.300578,0.0867052,0.300578,0
164|0,0.347826,0,0,0.652174,0,0,0,0,0
165|0,0,0,0,0.479592,0,0.214286,0,0.306122,0
166|0,1,0,0,0,0,0,0,0,0
167|0,0.151515,0,0,0,0,0,0,0.818182,0.030303
168|0,0.368421,0,0,0,0,0.631579,0,0,0
169|0,0.371429,0,0,0,0,0,0,0.628571,0
170|0,0,0,0,0.358025,0,0.222222,0,0.419753,0
171|0,0,0,0,0.507042,0,0,0,0.492958,0
172|0,0,0,0,0.384615,0,0.615385,0,0,0
173|0,0.228571,0.121429,0,0,0,0.65,0,0,0
174|0,0,0.545455,0,0,0,0,0.447552,0.00699301,0
175|0.0413223,0.363636,0,0,0,0,0.53719,0.0578512,0,0
176|0,0.0125,0,0,0,0,0.9875,0,0,0
177|0,0.21374,0.458015,0,0,0,0.282443,0,0.0458015,0
178|0.0405405,0,0.220721,0,0.045045,0.0045045,0.337838,0.283784,0.0675676,0
179|0,0.126761,0,0,0.359155,0,0,0.260563,0.253521,0
180|0,0,0.72973,0,0,0,0.27027,0,0,0
181|0,0,0.248555,0.115607,0,0,0.283237,0.202312,0.150289,0
182|0,0,0.247863,0,0,0,0.42735,0.111111,0.213675,0
183|0,0.366197,0,0,0.274648,0,0.105634,0.253521,0,0
184|0,0.265823,0.43038,0,0,0,0.0886076,0.202532,0,0.0126582
185|0,0,0,0,0.213115,0,0.180328,0.590164,0.0163934,0
186|0,0.0641026,0.807692,0,0,0,0,0.128205,0,0
187|0,0,0.523077,0.25641,0,0,0.123077,0.00512821,0,0.0923077
188|0,0.58209,0,0,0.41791,0,0,0,0,0
189|0,0,0,0,0,0,0.878378,0,0.121622,0
190|0,0.0606061,0,0,0.0757576,0,0.636364,0.227273,0,0
191|0,0,0,0,0.671642,0,0.328358,0,0,0
192|0,0,0,0,0.131579,0,0.605263,0,0.263158,0
193|0,0,0,0,0,0,0.519231,0,0.480769,0
194|0,0,0,0,0.44,0,0.38,0.18,0,0
195|0,0,0.552885,0,0.0432692,0.0600962,0.182692,0.161058,0,0
196|0,0,0,0,0.577778,0,0.422222,0,0,0
197|0,0,0,0,0,0,0.388889,0.0555556,0.555556,0
198|0,0.77193,0,0,0.22807,0,0,0,0,0
199|0,0,0,0,0.2,0,0.8,0,0,0
200|0,0,0,0,0.323529,0,0.661765,0,0.0147059,0
201|0,0.351351,0,0,0.648649,0,0,0,0,0
202|0,0,0,0,1,0,0,0,0,0
203|0,0.382022,0,0,0.617978,0,0,0,0,0
204|0,0,0,0,0.862069,0,0,0.137931,0,0
205|0,0,0,0,0.888889,0,0,0,0.111111,0
206|0,0,0,0,1,0,0,0,0,0
207|0,0.330435,0,0,0.669565,0,0,0,0,0
208|0,0,0,0,1,0,0,0,0,0
209|0,0,0,0,0.75,0,0,0,0.25,0
210|0,0,0.174603,0,0.809524,0,0,0.015873,0,0
211|0,0.0869565,0,0,0.898551,0,0,0,0,0.0144928
212|0,0.375,0,0,0.625,0,0,0,0,0
213|0,0,0,0,0.8,0,0.2,0,0,0
214|0,0.367647,0,0,0.632353,0,0,0,0,0
215|0,0.5,0,0,0.475,0.0125,0,0,0.0125,0
216|0,0.51938,0,0.0155039,0.465116,0,0,0,0,0
217|0,0.276596,0,0,0.659574,0,0,0,0.0638298,0
218|0,0.45977,0,0,0.54023,0,0,0,0,0
219|0,0,0,0,0.6,0,0,0,0.4,0
220|0,0.421569,0,0,0.578431,0,0,0,0,0
221|0,0,0,0.0114943,0.827586,0,0.045977,0.0689655,0.045977,0
222|0,0.466102,0.00847458,0,0.516949,0,0,0,0.00847458,0
223|0,0,0,0,1,0,0,0,0,0
224|0,0.107143,0,0,0.869048,0,0.0238095,0,0,0
225|0,0,0,0,1,0,0,0,0,0
226|0,0,0,0,1,0,0,0,0,0
227|0,0,0.0107527,0,0.924731,0,0,0,0.0645161,0
228|0.0192308,0,0,0,0.980769,0,0,0,0,0
229|0,0,0,0,0.910256,0,0,0,0.0897436,0
230|0,0,0,0,0,0,0,1,0,0
231|0.010989,0,0.406593,0,0,0.0659341,0,0.516484,0,0
232|0,0,0,0.692308,0,0,0,0.282051,0,0.025641
233|0.00747384,0,0.409567,0.0553064,0,0.106129,0.0134529,0.174888,0,0.233184
234|0,0,0,0,0,0,0,1,0,0
235|0,0.152866,0.44586,0.0382166,0.0127389,0,0.350318,0,0,0
236|0,0,0.20202,0.707071,0,0,0,0,0,0.0909091
237|0.5,0,0,0,0,0,0.0625,0.4375,0,0
238|0,0,0.234375,0,0,0,0.09375,0.671875,0,0
239|0,0,0,0,0,0,0.28125,0.6375,0.08125,0
240|0,0,0.166667,0,0.190476,0,0.166667,0.47619,0,0
241|0,0.576471,0,0,0.423529,0,0,0,0,0
242|0,0.551724,0,0,0.362069,0,0,0.0172414,0,0.0689655
243|0,0.193548,0.112903,0.0322581,0.66129,0,0,0,0,0
244|0,0,0.345794,0,0.485981,0,0.168224,0,0,0
245|0.0211268,0.443662,0.197183,0,0,0,0.126761,0.211268,0,0
246|0,0.716667,0,0,0.283333,0,0,0,0,0
247|0,0,0,0,0.617647,0,0.382353,0,0,0
248|0,0.234043,0,0,0.723404,0,0.0425532,0,0,0
249|0,0,0,0,0.892857,0,0,0.107143,0,0
250|0,0.644068,0,0,0.355932,0,0,0,0,0
251|0,0.626263,0,0,0.181818,0,0,0.191919,0,0
252|0,0.089172,0.0191083,0,0.630573,0,0.159236,0,0.101911,0
253|0,1,0,0,0,0,0,0,0,0
254|0,0,0,0,0.540984,0,0.163934,0.0327869,0.262295,0
255|0,0.433962,0.339623,0,0,0,0,0.226415,0,0
256|0,0.333333,0,0,0,0,0,0,0.666667,0
257|0,0.683673,0,0,0.132653,0,0,0,0.183673,0
258|0,0.888889,0,0,0.111111,0,0,0,0,0
259|0,1,0,0,0,0,0,0,0,0
260|0,0.366337,0,0,0.554455,0,0,0,0.0792079,0
261|0,0.625,0,0,0,0,0,0,0.375,0
262|0,0.784946,0,0,0.0967742,0,0,0,0.11828,0
263|0,0.795181,0,0,0.144578,0,0,0,0.060241,0
264|0,0.811881,0,0,0.049505,0,0,0,0.138614,0
265|0,0.675676,0,0,0.22973,0,0,0,0.0945946,0
266|0,0.741071,0,0,0,0,0,0,0.258929,0
267|0,1,0,0,0,0,0,0,0,0
268|0,0.72,0,0,0.226667,0,0,0,0.0533333,0
269|0,0.623932,0.00854701,0,0.316239,0,0,0,0.0512821,0
270|0,0.060241,0,0,0.939759,0,0,0,0,0
271|0,0,0,0,1,0,0,0,0,0
272|0,0,0,0,0.527027,0,0,0,0.472973,0
273|0,0,0,1,0,0,0,0,0,0
274|0,0,0,1,0,0,0,0,0,0
275|0,0.149606,0,0,0.464567,0,0.0314961,0,0.338583,0.015748
276|0.0486486,0.0234234,0,0.920721,0,0,0,0.00540541,0.0018018,0
277|0,0,0.538462,0.251282,0,0,0.117949,0,0,0.0923077
278|0,0,0,0,0.726496,0,0,0.273504,0,0
279|0,0,0,0,0.406977,0,0.22093,0.372093,0,0
280|0.0153374,0.0429448,0,0.941718,0,0,0,0,0,0
281|0,0.057377,0,0,0.0327869,0,0.467213,0.442623,0,0
282|0,0.0274725,0.0494505,0,0.0274725,0.00549451,0.197802,0.692308,0,0
283|0,0.558559,0,0.018018,0,0,0,0.306306,0.117117,0
284|0,0.355072,0,0,0.0217391,0,0.108696,0.514493,0,0
285|0,0.376068,0,0,0.102564,0,0.034188,0.487179,0,0
286|0,0.210884,0.0884354,0,0,0,0,0.70068,0,0
287|0,0,0,0,0.985915,0,0,0,0,0.0140845
288|0,0.266667,0,0,0,0,0,0.733333,0,0
289|0,0.284722,0,0,0.166667,0,0.0972222,0.451389,0,0
290|0,0.442623,0.136612,0,0,0,0.213115,0.20765,0,0
291|0,0.478723,0,0,0.0106383,0,0,0.510638,0,0
292|0,0.0823529,0,0,0,0,0.0352941,0.882353,0,0
293|0,0.355932,0,0,0,0,0.00564972,0.638418,0,0
294|0,0.0243902,0,0,0,0,0.178862,0.796748,0,0
295|0,0.878049,0.0731707,0,0.0121951,0,0.0365854,0,0,0
296|0,0.00900901,0,0,0.504505,0,0,0.207207,0.279279,0
297|0,0.25,0,0,0.75,0,0,0,0,0
298|0,0.884058,0,0,0.101449,0,0,0,0.0144928,0
299|0,0.474453,0.0145985,0,0.474453,0,0,0,0.0364964,0
300|0,0.358696,0,0,0.641304,0,0,0,0,0
301|0,0,0.128205,0,0.871795,0,0,0,0,0
302|0,0.238095,0,0,0.357143,0,0,0,0.404762,0
303|0,0.0571429,0,0,0.466667,0,0.12381,0,0.352381,0
304|0,0.0434783,0.173913,0,0.565217,0,0.0289855,0.0144928,0.173913,0
305|0,0.390476,0,0,0.609524,0,0,0,0,0
306|0,0.257576,0,0,0.378788,0,0.030303,0,0.333333,0
307|0,0.135593,0,0,0.864407,0,0,0,0,0
308|0,0,0.0307692,0,0.546154,0,0.307692,0,0.115385,0
309|0,0.805556,0,0,0.194444,0,0,0,0,0
310|0,0,0.0373832,0,0,0,0.495327,0.373832,0.0934579,0
311|0,0,0,0,0,0,0.455357,0.535714,0.00892857,0
312|0.339214,0,0.0423387,0.174059,0,0.00117608,0,0.00571237,0.000840054,0.43666
313|0,0.567568,0,0,0,0,0,0.432432,0,0
314|0.0294118,0.147059,0,0,0.352941,0,0,0.470588,0,0
315|0.28856,0,0.035347,0.269923,0,0,0,0,0,0.40617
316|0,0.662338,0.0519481,0,0,0,0.025974,0.25974,0,0
317|0,0.455172,0,0,0.234483,0,0.248276,0.062069,0,0
318|0,0,0,0,0,0,0.970149,0,0.0298507,0
319|0,0.858974,0,0,0.141026,0,0,0,0,0
320|0,0,0,0,0,0,1,0,0,0
321|0,0.30137,0.0821918,0,0,0,0.493151,0,0.123288,0
322|0,0.333333,0,0.0333333,0.633333,0,0,0,0,0
323|0.00454545,0.186364,0.136364,0,0.145455,0,0.295455,0.109091,0.122727,0
324|0,0.193878,0.0612245,0,0.622449,0,0,0,0.122449,0
325|0,0.234899,0.496644,0,0,0,0,0.268456,0,0
326|0,0.504505,0,0,0.171171,0,0,0,0.324324,0
327|0,0.106667,0,0,0.293333,0,0.293333,0,0.306667,0
328|0,0.752066,0,0,0.231405,0,0,0,0.0165289,0
329|0,0,0,0,0.244444,0,0.577778,0,0.177778,0
330|0,0.394737,0,0,0.0263158,0,0,0,0.578947,0
331|0.434343,0,0,0.474747,0,0,0,0.0909091,0,0
332|0.0711111,0,0.151111,0.266667,0,0,0,0.511111,0,0
333|0.461538,0,0.121795,0,0,0,0.0480769,0.266026,0.102564,0
334|0.349398,0,0,0.650602,0,0,0,0,0,0
335|0.508696,0,0.0913043,0,0.0782609,0,0,0.278261,0.0434783,0
336|0.474104,0,0.059761,0,0.0876494,0.00796813,0,0.334661,0.0358566,0
337|0.360197,0,0.0608553,0,0,0,0.0789474,0.463816,0.0361842,0
338|0,0.19403,0,0,0.58209,0,0.104478,0.119403,0,0
339|0,0.0823529,0,0,0.917647,0,0,0,0,0
340|0,0.976744,0,0,0.0232558,0,0,0,0,0
341|0,0,0,0,1,0,0,0,0,0
342|0,0,0.0104167,0,0.479167,0,0,0.0833333,0.427083,0
343|0,0,0,0.025,0.975,0,0,0,0,0
344|0,0,0.0338983,0,0.779661,0,0,0,0.186441,0
345|0,0,0,0,1,0,0,0,0,0
346|0,0.788991,0,0,0.211009,0,0,0,0,0
347|0,0,0.0408163,0.0204082,0.938776,0,0,0,0,0
348|0,0.638889,0,0,0.361111,0,0,0,0,0
349|0,0,0,0,0.380952,0,0.357143,0.261905,0,0
350|0,0.775281,0,0,0.213483,0,0.011236,0,0,0
351|0,0.894737,0,0,0,0,0.105263,0,0,0
352|0,0.0576923,0,0,0.615385,0,0.326923,0,0,0
353|0,0.822222,0,0,0.177778,0,0,0,0,0
354|0,1,0,0,0,0,0,0,0,0
355|0,1,0,0,0,0,0,0,0,0
356|0,0.717391,0,0,0.282609,0,0,0,0,0
357|0,1,0,0,0,0,0,0,0,0
358|0,0.967742,0.0322581,0,0,0,0,0,0,0
359|0,0.868421,0,0,0,0,0,0,0.131579,0
360|0,0.916667,0,0,0,0,0,0,0.0833333,0
361|0,0.468354,0.0126582,0,0,0,0.417722,0,0.101266,0
362|0,0.163934,0,0,0.590164,0,0,0,0.245902,0
363|0,0.561905,0,0,0.209524,0,0.114286,0,0.114286,0
364|0,0.72619,0,0,0.27381,0,0,0,0,0
365|0,0.637681,0,0,0,0,0,0,0.362319,0
366|0,0,0,0,0.5,0,0.5,0,0,0
367|0,0,0.22093,0,0.709302,0,0.0697674,0,0,0
368|0,0,0,0,0.410714,0,0,0,0.589286,0
369|0,0,0,0,0.641026,0,0.358974,0,0,0
370|0,0.907692,0,0,0.0923077,0,0,0,0,0
371|0,0.531915,0,0,0.446809,0,0,0,0,0.0212766
372|0,0.423729,0,0,0.576271,0,0,0,0,0
373|0,0,0,0,0.266129,0,0.5,0,0.233871,0
374|0,0.836364,0,0,0.163636,0,0,0,0,0
375|0,0,0,0,1,0,0,0,0,0
376|0,0,0,0,0.822222,0,0,0,0.177778,0
377|0,0,0.0731707,0,0.317073,0,0,0.609756,0,0
378|0,0.741935,0,0,0.225806,0,0.0322581,0,0,0
379|0,0,0.266667,0,0.4,0,0.2,0.133333,0,0
380|0,0.0394737,0.184211,0,0.736842,0,0,0,0.0131579,0.0263158
381|0,0,0,0,0,0,0,0.46875,0.53125,0
382|0,0.641791,0,0,0.358209,0,0,0,0,0
383|0,0.578947,0,0,0,0,0,0.368421,0,0.0526316
384|0,0.289855,0,0,0.144928,0,0.144928,0,0.42029,0
385|0,0.518987,0,0.481013,0,0,0,0,0,0
386|0,0.272727,0,0,0.242424,0,0.484848,0,0,0
387|0,0.873418,0,0,0,0,0,0.126582,0,0
388|0,0,0,0,0,0,0.356164,0.205479,0.438356,0
389|0,0,0,0,0.592105,0,0,0.0263158,0.381579,0
390|0,0,0,0,0.479167,0,0.177083,0,0.34375,0
391|0,0,0.104478,0,0.895522,0,0,0,0,0
392|0,0,0,0,0.219178,0,0.438356,0.260274,0.0821918,0
393|0,0.139535,0.116279,0.232558,0,0,0.511628,0,0,0
394|0,0,0,0,0.180723,0,0.373494,0.301205,0.144578,0
395|0,0,0,0,0,0,0.662162,0.337838,0,0
396|0,0.441441,0,0,0.108108,0.00900901,0.225225,0,0.216216,0
397|0,0.111111,0,0,0,0,0.472222,0.416667,0,0
398|0,0,0,0,0.192982,0,0.631579,0.175439,0,0
399|0,0,0,0,0.15,0,0.85,0,0,0
400|0,0,0,0,0.0121951,0,0.731707,0,0.256098,0
401|0,0.479592,0,0,0.0612245,0,0.459184,0,0,0
402|0,0.280702,0.105263,0,0.122807,0,0.333333,0.157895,0,0
403|0,0.311594,0,0,0.275362,0,0.413043,0,0,0
404|0,0,0.0441176,0,0,0,0.617647,0.338235,0,0
405|0,0,0.118182,0,0.363636,0,0.336364,0.181818,0,0
406|0,0.192308,0.00961538,0,0,0,0.644231,0.105769,0.0480769,0
407|0,0,0,0,0.0547945,0,0.575342,0,0.369863,0
408|0,0,0.129412,0,0.164706,0,0.0588235,0.647059,0,0
409|0,0,0,0,0,0,0.833333,0.166667,0,0
410|0,0.161765,0,0,0,0,0.485294,0.352941,0,0
411|0.0576923,0,0,0,0,0,0.384615,0.557692,0,0
412|0,0,0,0,0,0,0.613636,0.386364,0,0
413|0,0,0.0166667,0,0,0,0.0833333,0.9,0,0
414|0,0,0.173913,0,0,0,0.73913,0.0869565,0,0
415|0,0,0,0,0,0,1,0,0,0
416|0,0,0.143617,0,0.0106383,0,0.12766,0.718085,0,0
417|0,0,0.117647,0,0.205882,0,0.426471,0.25,0,0
418|0,0.0120482,0.114458,0,0,0,0.210843,0.662651,0,0
419|0,0,0,0,0,0,0.878378,0,0.121622,0
420|0,0,0.0138889,0,0.305556,0,0.375,0,0.305556,0
421|0,0,0.0153846,0,0,0,0.353846,0.307692,0.323077,0
422|0,0,0,0,0.325581,0,0.0697674,0,0.604651,0
423|0,0,0,0,0.31068,0,0,0.223301,0.466019,0
424|0,0,0.470588,0,0,0,0.470588,0,0.0588235,0
425|0,0,0.97561,0,0,0,0,0.0243902,0,0
426|0.0142857,0,0.378571,0,0,0,0.321429,0.278571,0,0.00714286
427|0,0,0,0.0833333,0.805556,0,0,0.111111,0,0
428|0,0,0.186441,0,0.0677966,0,0.220339,0.186441,0.338983,0
429|0,0,0.868132,0,0.0714286,0,0,0.0604396,0,0
430|0,0,0,0,0,0,0.243243,0,0.756757,0
431|0,0,0,0,0.0689655,0,0.551724,0.37931,0,0
432|0,0,0,0,0.2,0,0.8,0,0,0
433|0,0.286408,0.174757,0,0.131068,0,0.121359,0.0873786,0.194175,0.00485437
434|0,0,0,0,0.419355,0,0,0,0.580645,0
435|0,0.772727,0,0,0.227273,0,0,0,0,0
436|0,0.00694444,0,0,0.513889,0,0,0,0.479167,0
437|0,0.109375,0,0,0.484375,0,0,0,0.390625,0.015625
438|0,0,0,0,0.842105,0,0.157895,0,0,0
439|0,0,0,0,0.513514,0,0.459459,0,0.027027,0
440|0,0,0,0,0.728571,0,0,0,0.271429,0
441|0,0,0,0,0.223684,0,0.0263158,0,0.75,0
442|0,0.236559,0.193548,0,0,0,0,0.0537634,0.516129,0
443|0,0,0,0,0.210526,0,0,0,0.789474,0
444|0,0,0,0,1,0,0,0,0,0
445|0,0,0,0,0,0,0.310345,0,0.689655,0
446|0,0,0,0,0,0,0,0,1,0
447|0,0.72,0,0,0.28,0,0,0,0,0
448|0,0.0108696,0,0,0.543478,0,0,0,0.445652,0
449|0,0.586957,0,0,0.413043,0,0,0,0,0
450|0,0,0.589286,0,0.0178571,0.392857,0,0,0,0
451|0.00793651,0.301587,0,0.142857,0.547619,0,0,0,0,0
452|0,0.405941,0,0,0.514851,0,0,0,0.0792079,0
453|0,0,0,0,0.977778,0,0,0,0.0222222,0
454|0,0.0121951,0.353659,0,0,0,0.231707,0.402439,0,0
455|0,0,0,0,0.301205,0,0.698795,0,0,0
456|0,0,0,0,0.363636,0,0,0.30303,0.333333,0
457|0,0.54,0,0,0,0,0.46,0,0,0
458|0,0,0,0,0,0,0.954545,0,0,0.0454545
459|0,0,0.318182,0,0.681818,0,0,0,0,0
460|0,0,0,0,0.318182,0,0.424242,0.257576,0,0
461|0,0.53211,0,0.412844,0.0550459,0,0,0,0,0
462|0,0,0,0,0.458904,0,0.541096,0,0,0
463|0,0.727273,0,0,0,0,0.272727,0,0,0
464|0,0.190476,0,0,0,0,0.678571,0.130952,0,0
465|0,0.225,0.425,0,0,0,0.35,0,0,0
466|0,0,0.972973,0,0,0,0,0.027027,0,0
467|0,0,0.351145,0.648855,0,0,0,0,0,0
468|0,0.125,0,0,0,0.0220588,0.272059,0.580882,0,0
469|0,0,0.527778,0,0,0,0.472222,0,0,0
470|0,0,0.927273,0.0363636,0.0272727,0,0,0,0.00909091,0
471|0,0,0.395161,0,0,0,0.193548,0.231183,0.0430108,0.137097
472|0,0,0.495238,0,0,0,0.190476,0.161905,0.152381,0
473|0.0381679,0,0.358779,0,0,0,0.122137,0.480916,0,0
474|0,0,0.388571,0,0,0,0.205714,0.251429,0.154286,0
475|0.00531915,0,0.638298,0,0,0,0.31383,0.0106383,0.0319149,0
476|0,0,0,0,0,0,1,0,0,0
477|0,1,0,0,0,0,0,0,0,0
478|0.0172414,0.982759,0,0,0,0,0,0,0,0
479|0,0.862069,0,0,0.12069,0.0172414,0,0,0,0
480|0.0117647,0.811765,0,0,0.176471,0,0,0,0,0
481|0,0.945205,0,0,0.0547945,0,0,0,0,0
482|0,1,0,0,0,0,0,0,0,0
483|0,0.265306,0,0,0.734694,0,0,0,0,0
484|0,0,0,0,1,0,0,0,0,0
485|0,0.571429,0,0,0.428571,0,0,0,0,0
486|0.0175439,0.982456,0,0,0,0,0,0,0,0
487|0,0,0,0,1,0,0,0,0,0
488|0,1,0,0,0,0,0,0,0,0
489|0,0.423077,0,0,0.576923,0,0,0,0,0
490|0,0.0666667,0,0,0.666667,0,0.266667,0,0,0
491|0,0.77193,0,0,0.0526316,0,0,0.175439,0,0
492|0,0,0,0,0.595745,0,0.297872,0,0.106383,0
493|0,0,0.047619,0,0.571429,0,0.380952,0,0,0
494|0,0.406593,0,0,0.417582,0,0.175824,0,0,0
495|0,0,0,0,0.302326,0,0.697674,0,0,0
496|0,0.225806,0,0,0,0,0.774194,0,0,0
497|0,0,0,0,0.767123,0,0.205479,0,0.0273973,0
498|0,0,0,0,0.7375,0,0.2625,0,0,0
499|0,0,0,0,1,0,0,0,0,0
500|0,0,0,0,0.809524,0,0.190476,0,0,0
501|0,0,0,0.0232558,0.860465,0,0.116279,0,0,0
502|0,0.394366,0,0,0.429577,0,0,0,0.176056,0
503|0,0.142857,0.0909091,0,0.493506,0,0.142857,0,0.12987,0
504|0,0,0,0,0.491525,0,0.508475,0,0,0
505|0,0,0,0,0.55814,0,0.44186,0,0,0
506|0,0,1,0,0,0,0,0,0,0
507|0,0,0.77193,0,0,0,0,0,0.22807,0
508|0,0,0.516854,0,0.483146,0,0,0,0,0
509|0,0,1,0,0,0,0,0,0,0
510|0,0,0.579545,0,0.420455,0,0,0,0,0
511|0,0.262295,0,0,0,0,0.737705,0,0,0
512|0,0.6625,0.3375,0,0,0,0,0,0,0
513|0,0.191781,0,0,0,0,0.808219,0,0,0
514|0,0,0.852941,0,0.147059,0,0,0,0,0
515|0,0,0.282609,0,0,0,0.717391,0,0,0
516|0,0,0.578947,0,0.178947,0,0.178947,0.0631579,0,0
517|0,0.142857,0.457143,0,0,0,0.4,0,0,0
518|0,0,0.421053,0,0.22807,0,0,0,0.350877,0
519|0,0,0.626866,0,0.373134,0,0,0,0,0
520|0,0,0.996466,0,0,0,0.00353357,0,0,0
521|0,0,0,0.807018,0.192982,0,0,0,0,0
522|0,0,0,0,0,1,0,0,0,0
523|0,0,0.742574,0,0.178218,0,0.029703,0.049505,0,0
524|0,0,1,0,0,0,0,0,0,0
525|0,0,0,0,0,0.999057,0,0,0,0.000943396
526|0,0,0,0,0,1,0,0,0,0
527|0,0,0,0,0,1,0,0,0,0
528|0,0,0,1,0,0,0,0,0,0
529|0,0.132597,0,0,0.254144,0,0,0.607735,0.00552486,0
530|0,0.216374,0,0,0.169591,0,0,0.614035,0,0
531|0.00561798,0.0280899,0.235955,0.0505618,0,0,0.247191,0.432584,0,0
532|0,0.161074,0,0,0.510067,0.00671141,0.322148,0,0,0
533|0,0,0,0,0,0.0413223,0.355372,0.603306,0,0
534|0,0,0,0,1,0,0,0,0,0
535|0,0,0,0.00625,0.31875,0,0.078125,0.56875,0.028125,0
536|0,0,0.0520833,0,0.614583,0,0,0.333333,0,0
537|0,0.360577,0.0865385,0.00480769,0.447115,0,0,0.0961538,0.00480769,0
538|0,0.045977,0,0,0.586207,0,0.045977,0,0.321839,0
539|0,0,0.138298,0.0106383,0,0,0.287234,0.191489,0.37234,0
540|0,0,0,0,0.872483,0,0.120805,0,0,0.00671141
541|0,0.225,0.05,0,0.725,0,0,0,0,0
542|0,0,0,0,0.5,0,0,0.5,0,0
543|0,0.449153,0,0,0,0,0,0.550847,0,0
544|0,0,0,0,0.713115,0,0.286885,0,0,0
545|0,0,0.212963,0,0,0,0.351852,0.12037,0.314815,0
546|0,0,0,0,0.813559,0,0.186441,0,0,0
547|0,0,0.395604,0,0,0,0.450549,0.153846,0,0
548|0,0,0,0,0.163043,0,0,0.836957,0,0
549|0,0,0,0,0,0,0.712329,0.0547945,0.232877,0
550|0,0.0816327,0,0,0,0,0.0408163,0.877551,0,0
551|0,0,0,0.0142857,0,0,0.192857,0.685714,0.107143,0
552|0,0,0,0,0,0,0.247706,0.752294,0,0
553|0,0.105263,0.0350877,0,0.368421,0,0.315789,0.175439,0,0
554|0,0.160428,0,0,0,0,0.28877,0.545455,0,0.00534759
555|0,1,0,0,0,0,0,0,0,0
556|0,0.38961,0,0,0.584416,0,0,0.025974,0,0
557|0,0.447368,0,0,0.539474,0,0.0131579,0,0,0
558|0,0,0,0,1,0,0,0,0,0
559|0,0,0,0,1,0,0,0,0,0
560|0,0,0,0,1,0,0,0,0,0
561|0,0,0.337209,0.127907,0.534884,0,0,0,0,0
562|0,0,0,0,1,0,0,0,0,0
563|0,0,0,0,0.924731,0,0.0645161,0,0.0107527,0
564|0,0,0,0,1,0,0,0,0,0
565|0,0,0,0,0.603448,0,0,0,0.396552,0
566|0,0,0.247059,0,0.741176,0,0,0,0.0117647,0
567|0,0,0,0,0.918367,0,0.0816327,0,0,0
568|0,0,0,0,0.8125,0,0.1875,0,0,0
569|0,0,0.111111,0,0.79798,0.0909091,0,0,0,0
570|0,0.290909,0,0,0.672727,0,0.0363636,0,0,0
571|0,0.506173,0,0,0.493827,0,0,0,0,0
572|0,0.657895,0,0,0.342105,0,0,0,0,0
573|0,0.550725,0,0,0.42029,0,0,0,0.0289855,0
574|0,0,0,0,0.978022,0,0.021978,0,0,0
575|0,0,0.144828,0,0.62069,0,0,0.234483,0,0
576|0,0,0,0,1,0,0,0,0,0
577|0,0,0.130841,0,0.280374,0,0.373832,0.149533,0.0654206,0
578|0,0,0,0,1,0,0,0,0,0
579|0,0,0,0,0.921875,0,0.078125,0,0,0
580|0,0.0289855,0.0869565,0,0.710145,0,0.173913,0,0,0
581|0,0,0,0,0.853659,0,0,0,0.146341,0
582|0,0,0.0821918,0,0.90411,0,0.0136986,0,0,0
583|0,0,0.26087,0,0.42029,0,0.318841,0,0,0
584|0,0.486726,0,0,0,0,0.19469,0.318584,0,0
585|0,0.43038,0,0,0.56962,0,0,0,0,0
586|0,0.029703,0,0,0,0,0.257426,0.257426,0.455446,0
587|0,0,0,0,0.432624,0,0.198582,0,0.368794,0
588|0,0.150376,0,0,0,0,0.120301,0.165414,0.56391,0
589|0,0,0,0,0.283333,0,0.283333,0,0.433333,0
590|0,0,0,0,0.322581,0,0,0,0.677419,0
591|0,0,0,0,0.253521,0,0.084507,0,0.661972,0
592|0,0,0,0,0.395833,0,0.0625,0,0.541667,0
593|0,0,0,0,0.491803,0,0,0,0.508197,0
594|0,0.536842,0,0,0.273684,0,0,0,0.189474,0
595|0,0.290323,0.0725806,0,0,0,0.637097,0,0,0
596|0,0,0,0,0.440678,0,0,0,0.559322,0
597|0,0.905405,0,0,0.0945946,0,0,0,0,0
598|0,0,0,0,0,0,0.460674,0,0.539326,0
599|0,0,0,0,0.444444,0,0,0,0.555556,0
600|0,0,0,0,0.645161,0,0,0,0.354839,0
601|0,0,0,0,0.577778,0,0,0,0.422222,0
602|0,0.5,0,0,0.178571,0,0,0,0.321429,0
603|0,0,0,0,0.514019,0,0.0654206,0.00934579,0.411215,0
604|0,0,0,0,0.539683,0,0,0,0.460317,0
605|0,0,0,0,0.421053,0,0,0,0.578947,0
606|0,0,0,0,0.527778,0.0277778,0,0,0.444444,0
607|0,0.313725,0,0,0,0,0,0,0.686275,0
608|0,0.561404,0,0,0,0,0.0877193,0,0.350877,0
609|0,0.596491,0,0,0,0,0,0,0.403509,0
610|0,0.292683,0,0,0.609756,0,0,0,0.097561,0
611|0,0.455446,0,0,0,0,0,0,0.544554,0
612|0,0,0,0,0.269231,0,0.25,0.480769,0,0
613|0,0.536364,0,0,0,0,0,0.0727273,0.390909,0
614|0,0.390476,0,0,0,0,0.114286,0.104762,0.390476,0
615|0,0.62069,0,0,0,0,0,0.241379,0.137931,0
616|0,0.828571,0,0,0,0,0,0.171429,0,0
617|0,0.0238095,0,0,0.166667,0,0,0.119048,0.690476,0
618|0,0,0.142857,0,0.296703,0,0.175824,0.384615,0,0
619|0,0,0,0,0,0,0,0.592593,0.407407,0
620|0,0.670886,0,0,0.164557,0,0,0.164557,0,0
621|0,0,0,0,0.246154,0,0.0769231,0.338462,0.338462,0
622|0,0.0763889,0,0,0.326389,0,0,0.159722,0.4375,0
623|0,0,0,0,0,0,0,0.565217,0.434783,0
624|0,0.272727,0,0,0.272727,0,0,0.31405,0.140496,0
625|0,0,0,0,0,0.0277778,0.138889,0.833333,0,0
626|0,0.0162602,0,0,0.512195,0,0,0.471545,0,0
627|0,0,0.412281,0,0.236842,0,0,0,0.350877,0
628|0,0,0.641791,0,0.358209,0,0,0,0,0
629|0,0,1,0,0,0,0,0,0,0
630|0,0,0.175439,0.824561,0,0,0,0,0,0
631|0,0,0,0,0,1,0,0,0,0
632|0,0.00990099,0.762376,0,0.019802,0,0,0.207921,0,0
633|0,0,1,0,0,0,0,0,0,0
634|0,0,0,0,0,1,0,0,0,0
635|0,0,0,0,0,1,0,0,0,0
636|0,0,0,0,0,1,0,0,0,0
637|0,0,0,1,0,0,0,0,0,0
